#Game statistics
#Mon May 06 11:33:23 CEST 2013
proba_draw.VARIANCE=38974.25918232007
proba_win.MEAN=380.7274652809196
proba_draw.WEIGHT=399
nb_play.WEIGHT=399
proba_win.VARIANCE=40732.83164661189
proba_draw.MEAN=380.73623053405777
nb_play.MEAN=380.7278853257163
proba_win.WEIGHT=399
nb_play.VARIANCE=8.168800408433594E8
