#Game statistics
#Mon May 06 22:51:56 CEST 2013
proba_draw.VARIANCE=38974.25918232007
proba_win.MEAN=399.0
proba_draw.WEIGHT=399
nb_play.WEIGHT=399
proba_win.VARIANCE=40732.83164661189
proba_draw.MEAN=399.0
nb_play.MEAN=399.0
proba_win.WEIGHT=399
nb_play.VARIANCE=8.168800408433594E8
